  1.12  -0.68   0.18  -0.93  -1.15  -0.73   1.03   0.69  -1.07  -0.38 
  1.17   0.19   1.13   1.28  -0.42  -1.12   0.59  -1.02  -1.01  -0.44 
  0.77  -0.71  -0.43   0.12   0.31   0.94  -0.44  -0.29   1.24  -1.19 
  0.99  -1.14   1.22   0.90   0.83   0.87   0.15  -1.04   0.07   0.15 
  0.66  -0.56   0.11   0.11   0.41   0.98   0.71   1.24   0.41   0.38 
  0.12  -1.05  -0.12   1.20  -0.91  -1.28   0.96   0.90  -0.48  -0.15 
 -0.19   0.70  -0.03   0.19   1.23  -0.05  -1.10  -1.07   0.92   1.08 
 -0.46  -0.97   0.89   1.21  -0.47   0.15   0.73   0.68   0.14  -0.19 
  0.80  -0.75   0.33   0.95   0.45   0.67   0.38   0.53   0.33   0.48 
  0.53   0.00   0.16  -0.92   0.96   0.92   1.12  -0.41   0.29  -1.08 
