  0.43  -0.42   0.32  -0.29   0.39  -0.12  -0.45   0.11  -0.30   0.39 
 -0.32   0.25  -0.18   0.23  -0.12   0.05   0.23   0.00   0.15  -0.29 
 -1.17   1.09  -0.46   0.89  -0.83  -0.07   1.32  -0.33   0.86  -1.31 
 -0.02   0.04  -0.02  -0.18   0.18  -0.11   0.19  -0.00  -0.11   0.05 
  0.16  -0.00  -0.03  -0.02  -0.10   0.09  -0.26   0.00   0.07   0.13 
  0.71  -0.71   0.17  -0.59   0.63  -0.06  -0.67   0.21  -0.54   0.84 
 -0.10   0.18  -0.06   0.18  -0.13   0.09   0.11  -0.10   0.04  -0.17 
 -0.05   0.00  -0.11  -0.02   0.02   0.14  -0.00  -0.02   0.09  -0.06 
 -0.22   0.25  -0.03   0.26  -0.34   0.04   0.29  -0.00   0.21  -0.37 
  0.17  -0.24   0.20  -0.15   0.03  -0.03  -0.22   0.04  -0.11   0.36 
