Realizaste la seleccion de: Metodo de Burbuja Optimizada 2

1. 207442309,
 2. 494387258,
 3. 654552922,
 4. 834068396,
 5. 856834115,
 6. 870128690,
 7. 966245083,
 8. 1511588122,
 9. 1799388853,
 10. 1846873530,
 Realizaste la seleccion de: Metodo de Burbuja Optimizada 2

1. 60083450,
 2. 118245790,
 3. 178804962,
 4. 187130533,
 5. 207442309,
 6. 220584981,
 7. 279754842,
 8. 312394492,
 9. 421047262,
 10. 449643443,
 11. 490944093,
 12. 494387258,
 13. 525017507,
 14. 604218959,
 15. 654552922,
 16. 733020118,
 17. 751396819,
 18. 782028957,
 19. 834068396,
 20. 839426280,
 21. 846455593,
 22. 856834115,
 23. 870128690,
 24. 873191707,
 25. 875137903,
 26. 966245083,
 27. 984674766,
 28. 1054413206,
 29. 1158854875,
 30. 1258037626,
 31. 1328639450,
 32. 1361111505,
 33. 1367885266,
 34. 1380390115,
 35. 1438609718,
 36. 1461053074,
 37. 1475318056,
 38. 1511588122,
 39. 1545357299,
 40. 1600873155,
 41. 1612358838,
 42. 1668495383,
 43. 1698402220,
 44. 1709206300,
 45. 1736071585,
 46. 1799388853,
 47. 1823603472,
 48. 1846873530,
 49. 1854317376,
 50. 1862272524,
 51. 1920624725,
 52. 1932635384,
 53. 1977595047,
 54. 1980708175,
 55. 1990378944,
 56. 2041077486,
 57. 2041447909,
 58. 2042828677,
 59. 2083630786,
 60. 2135997964,
 