Resultado de la inversa de la Suma
0.0103   -0.0182   -0.0229   -0.0251   0.0165   0.0590   0.0052   -0.0620   0.0305   -0.0097   
-0.0128   0.0235   -0.0026   0.0022   -0.0088   -0.0126   0.0178   0.0092   -0.0023   -0.0088   
-0.0048   0.0195   0.0505   0.0427   -0.0506   -0.0399   -0.0465   0.0511   -0.0030   0.0047   
0.0093   0.0022   0.0423   0.0287   -0.0358   -0.0531   -0.0248   0.0437   -0.0224   0.0234   
-0.0484   -0.0166   0.0357   -0.0126   0.0311   0.0029   0.0439   -0.0030   -0.0469   0.0121   
0.0512   -0.0578   -0.1034   -0.0733   0.0664   0.0903   0.0540   -0.0756   0.0495   -0.0411   
-0.0333   0.0248   0.0174   0.0385   -0.0101   -0.0252   -0.0134   0.0070   -0.0208   0.0239   
0.0034   0.0193   0.0154   0.0170   -0.0160   -0.0341   -0.0217   0.0466   -0.0319   0.0158   
-0.0910   0.0668   0.1468   0.0794   -0.0780   -0.1413   -0.0476   0.1412   -0.1056   0.0795   
0.0741   -0.0382   -0.1285   -0.0680   0.0651   0.1053   0.0297   -0.1189   0.1097   -0.0678   
Resultado de la inversa de la Multiplicacion
-0.0000   -0.0000   0.0000   -0.0000   -0.0000   -0.0000   -0.0000   0.0000   0.0000   -0.0000   
0.0549   0.0028   0.0620   0.0641   -0.1437   -0.0251   -0.0350   0.0351   0.0116   0.0092   
0.0204   0.1323   -0.0902   0.1517   -0.1214   0.0428   -0.1243   -0.0171   0.0791   -0.0037   
-0.0719   -0.0757   -0.0682   -0.1013   0.1269   0.0272   0.1629   0.0259   -0.0721   -0.0109   
0.1049   0.0388   -0.0551   0.0357   -0.0760   -0.0109   -0.0663   0.0209   0.0771   -0.0116   
0.0018   -0.0073   0.0773   0.0203   -0.0730   -0.0729   -0.0455   0.0230   0.1073   0.0140   
0.0133   -0.0940   0.0329   -0.0082   0.1343   -0.0163   0.0511   -0.0601   -0.0730   -0.0126   
0.0089   -0.0470   -0.0361   -0.0526   -0.0089   0.1487   -0.0050   -0.0194   -0.0087   -0.0045   
-0.0506   -0.0320   -0.0450   -0.1681   0.2257   0.0554   0.1808   -0.0769   -0.1184   -0.0236   
-0.0162   0.0121   0.0242   0.0053   0.0012   -0.0322   -0.0066   0.0057   -0.0102   0.0239   
