  0.38   1.10  -0.28  -0.43   0.35  -1.02   0.67   0.12  -0.23  -0.23 
  0.00  -0.56   0.14  -0.07  -0.02   0.52  -1.07   0.41  -0.05   0.26 
 -0.67   0.18   0.33   0.04  -0.22   0.36  -1.03   0.04  -0.39   0.32 
  0.21   0.90   0.27   0.22  -0.17   0.62   0.52  -0.08   0.50  -0.15 
  0.06   0.94   0.10   0.19   0.39   0.66   0.01   0.40   0.19  -0.02 
 -0.34  -0.03  -0.12   0.20  -0.47   1.02  -0.56  -0.41  -0.36   0.17 
  0.13  -0.25  -0.10  -0.02   0.43  -0.09   1.05   0.09   0.03  -0.45 
 -0.13  -0.24   0.56   0.31  -0.56  -0.33  -0.22  -0.20   0.74   0.20 
  0.21   0.40  -0.71  -0.50   0.29   0.69   0.67  -0.44  -0.69  -0.21 
 -0.00  -0.69  -0.06   0.08   0.06   0.22   0.12   0.13   0.36   0.10 
